name: team184-env
dependencies:
  - anaconda-anon-usage=0.4.4=py312hfc23b7f_100
  - anaconda_powershell_prompt=1.1.0=haa95532_0
  - anaconda_prompt=1.1.0=haa95532_0
  - archspec=0.2.3=pyhd3eb1b0_0
  - boltons=23.0.0=py312haa95532_0
  - brotli-python=1.0.9=py312hd77b12b_8
  - bzip2=1.0.8=h2bbff1b_6
  - ca-certificates=2024.9.24=haa95532_0
  - certifi=2024.8.30=pyhd8ed1ab_0
  - cffi=1.17.1=py312h827c3e9_0
  - charset-normalizer=3.3.2=pyhd3eb1b0_0
  - colorama=0.4.6=py312haa95532_0
  - conda=24.9.2=py312h2e8e312_0
  - conda-content-trust=0.2.0=py312haa95532_1
  - conda-libmamba-solver=24.9.0=pyhd3eb1b0_0
  - conda-package-handling=2.3.0=py312haa95532_0
  - conda-package-streaming=0.10.0=py312haa95532_0
  - cryptography=43.0.0=py312h89fc84f_0
  - distro=1.9.0=py312haa95532_0
  - expat=2.6.3=h5da7b33_0
  - fmt=11.0.2=h7f575de_0
  - frozendict=2.4.2=py312haa95532_0
  - idna=3.7=py312haa95532_0
  - jsonpatch=1.33=py312haa95532_1
  - jsonpointer=2.1=pyhd3eb1b0_0
  - krb5=1.21.3=hdf4eb48_0
  - libarchive=3.7.4=haf234dc_0
  - libcurl=8.10.1=h1ee3ff0_0
  - libexpat=2.6.3=he0c23c2_0
  - libffi=3.4.4=hd77b12b_1
  - libiconv=1.17=hcfcfb64_2
  - libmamba=1.5.10=h81425b0_1
  - libmambapy=1.5.10=py312h643a1bd_1
  - libsolv=0.7.30=hbb528cf_0
  - libsqlite=3.47.0=h2466b09_1
  - libssh2=1.11.0=h7dfc565_0
  - libxml2=2.13.5=h442d1da_0
  - libzlib=1.3.1=h2466b09_2
  - lz4-c=1.9.4=h2bbff1b_1
  - lzo=2.10=hcfcfb64_1001
  - mamba=1.5.10=py312h5494d5c_1
  - menuinst=2.1.2=py312h5da7b33_0
  - openssl=3.4.0=h2466b09_0
  - packaging=24.1=py312haa95532_0
  - pcre2=10.44=h3d7b363_2
  - pip=24.2=py312haa95532_0
  - platformdirs=3.10.0=py312haa95532_0
  - pluggy=1.0.0=py312haa95532_1
  - pybind11-abi=4=hd8ed1ab_3
  - pycosat=0.6.6=py312h2bbff1b_1
  - pycparser=2.21=pyhd3eb1b0_0
  - pysocks=1.7.1=py312haa95532_0
  - python=3.12.7=hce54a09_0_cpython
  - python_abi=3.12=5_cp312
  - reproc=14.2.4=hd77b12b_2
  - reproc-cpp=14.2.4=hd77b12b_2
  - requests=2.32.3=py312haa95532_0
  - ruamel.yaml=0.18.6=py312h827c3e9_0
  - ruamel.yaml.clib=0.2.8=py312h827c3e9_0
  - setuptools=75.1.0=py312haa95532_0
  - sqlite=3.45.3=h2bbff1b_0
  - tk=8.6.13=h5226925_1
  - tqdm=4.66.5=py312hfc267ef_0
  - truststore=0.8.0=py312haa95532_0
  - tzdata=2024b=h04d1e81_0
  - ucrt=10.0.22621.0=h57928b3_1
  - urllib3=2.2.3=py312haa95532_0
  - vc=14.40=h2eaa2aa_1
  - vc14_runtime=14.42.34433=he29a5d6_23
  - vs2015_runtime=14.42.34433=hdffcdeb_23
  - wheel=0.44.0=py312haa95532_0
  - win_inet_pton=1.1.0=py312haa95532_0
  - xz=5.4.6=h8cc25b3_1
  - yaml-cpp=0.8.0=hd77b12b_1
  - zlib=1.3.1=h2466b09_2
  - zstandard=0.23.0=py312h4fc1ca9_0
  - zstd=1.5.6=h0ea2cb4_0